13 0.147349 0.228435 0.076449 0.115016
13 0.300247 0.238019 0.069051 0.108626
0 0.299014 0.422524 0.008631 0.020767
12 0.299630 0.443291 0.008631 0.017572
3 0.339704 0.404153 0.019729 0.044728
14 0.390875 0.405751 0.007398 0.015974
1 0.390875 0.422524 0.007398 0.017572
24 0.390875 0.444089 0.009864 0.019169
3 0.498459 0.430511 0.010481 0.027157
14 0.471023 0.411342 0.007398 0.017572
1 0.470715 0.429712 0.008015 0.015974
24 0.470407 0.447284 0.007398 0.019169
11 0.409988 0.439297 0.004932 0.012780
