13 0.300555 0.329073 0.036375 0.051118
13 0.374538 0.322684 0.032676 0.051118
3 0.394266 0.404952 0.008015 0.027157
3 0.483046 0.408147 0.009248 0.020767
0 0.343403 0.412939 0.006165 0.014377
12 0.344328 0.426518 0.005549 0.015974
16 0.373305 0.390575 0.005549 0.014377
14 0.409679 0.392971 0.005549 0.015974
14 0.469174 0.389776 0.004932 0.012780
1 0.409063 0.406550 0.006782 0.011182
24 0.409371 0.420128 0.007398 0.019169
1 0.469482 0.404952 0.005549 0.014377
11 0.421702 0.416134 0.004932 0.014377
