19 0.386868 0.471246 0.006782 0.022364
14 0.396116 0.472843 0.009248 0.022364
14 0.404439 0.472843 0.007398 0.022364
11 0.412145 0.471246 0.006782 0.025559
16 0.420777 0.472045 0.008015 0.023962
8 0.428792 0.473642 0.008015 0.027157
24 0.437731 0.479233 0.007398 0.025559
8 0.502466 0.468850 0.007398 0.020767
9 0.509556 0.469649 0.008015 0.022364
9 0.607583 0.522364 0.009248 0.022364
14 0.606967 0.544728 0.008015 0.019169
24 0.559803 0.541534 0.008631 0.015974
10 0.567201 0.548722 0.003699 0.011182
